$ 1 0.000005 10.20027730826997 50 5 43 5e-11
178 256 176 256 288 6 1 0.2 5.034639372070165e-16 0.05 1000000 0.058 145 0.008 0.005 0
r 112 304 176 304 0 50000
t 176 304 224 304 0 1 -3.9299919711270412 -3.8900911620713075 100 default
w 224 176 224 144 0
R 224 144 224 128 0 0 40 12 0 0 0.5
g 288 320 288 336 0 0
c 176 336 112 336 0 0.000001 -3.929991975196428 0.001
w 176 336 176 304 0
w 112 336 112 304 0
r 112 304 48 304 0 1000
s 224 320 288 320 0 1 true
w 224 288 192 272 0
w 192 272 48 272 0
w 48 272 48 304 0
o 3 64 0 4099 20 0.1 0 2 3 3
